4      1    650.00     0.00000      0.000    4285
4      2    650.00     0.00000      0.000    4285
4      3    650.00     0.00000      0.000    4285
4      4    650.00    -0.00583      0.000    4285
4      5    541.42    -0.00892    108.578    4285
4      6    650.00    -0.00867      0.001    4285
4      7    594.63    -0.00900     55.373    4285
4      8    650.00    -0.00462      0.005    4285
4      9    650.00    -0.00464      0.000    4285
4     10    650.00    -0.00553      0.000    4285
4     11    650.00    -0.00217      0.000    4285
4     12    650.00    -0.00429      0.000    4285
4     13    650.00    -0.00341      0.000    4285
4     14    650.00    -0.00453      0.000    4285
4     15    650.00    -0.00404      0.000    4285
4     16    650.00    -0.00354      0.000    4285
4     17    650.00    -0.00274      0.000    4285
4     18    650.00    -0.00325      0.000    4285
4     19    650.00    -0.00323      0.000    4285
4     20    650.00    -0.00348      0.000    4285
4     21    650.00    -0.00352      0.000    4285
4     22    650.00    -0.00366      0.000    4285
4     23    650.00    -0.00396      0.000    4285
4     24    650.00    -0.00439      0.000    4285
4     25    650.00    -0.00407      0.000    4285
4     26    650.00    -0.00374      0.000    4285
4     27    650.00    -0.00363      0.000    4285
4     28    650.00    -0.00361      0.000    4285
4     29    650.00    -0.00332      0.000    4285
4     30    650.00    -0.00348      0.000    4285
4     31    650.00    -0.00358      0.000    4285
4     32    634.51    -0.00351     15.494    4285
4     33    650.00    -0.00349      0.000    4285
4     34    650.00    -0.00371      0.000    4285
4     35    650.00    -0.00349      0.000    4285
4     36    522.61    -0.00501    127.391    4285
4     37    650.00    -0.00369      0.000    4285
4     38    473.17    -0.00613    176.830    4285
4     39    525.90    -0.00494    124.105    4285
4     40    543.07    -0.00455    106.925    4285
4     41    525.48    -0.00497    124.517    4285
4     42    545.43    -0.00449    104.567    4285
4     43    636.18    -0.00390     13.821    4285
4     44    598.71    -0.00425     51.294    4285
4     45    469.09    -0.00643    180.906    4285
4     46    509.10    -0.00589    140.902    4285
4     47    498.59    -0.00583    151.407    4285
4     48    561.03    -0.00457     88.970    4285
4     49    533.00    -0.00469    116.998    4285
4     50    466.79    -0.00700    183.214    4285
4     51    621.99    -0.00380     28.009    4285
4     52    594.04    -0.00396     55.959    4285
4     53    527.40    -0.00511    122.602    4285
4     54    454.21    -0.00677    195.793    4285
4     55    500.30    -0.00587    149.705    4285
4     56    463.02    -0.00614    186.977    4285
4     57    465.24    -0.00653    184.759    4285
4     58    468.78    -0.00644    181.224    4285
4     59    477.37    -0.00604    172.626    4285
4     60    496.49    -0.00578    153.514    4285
4     61    478.09    -0.00561    171.911    4285
4     62    503.94    -0.00468    146.055    4285
4     63    509.74    -0.00461    140.259    4285
4     64    510.83    -0.00455    139.168    4285
4     65    557.75    -0.00379     92.248    4285
4     66    565.50    -0.00385     84.504    4285
4     67    498.50    -0.00459    151.497    4285
4     68    454.12    -0.00484    195.882    4285
4      1    650.00     0.00000      0.000    4285
4      2    650.00     0.00000      0.000    4285
4      3    650.00    -0.00900      0.000    4285
4      4    650.00    -0.00900      0.000    4285
4      5    650.00    -0.00889      0.004    4285
4      6    650.00    -0.00615      0.000    4285
4      7    650.00    -0.00472      0.001    4285
4      8    399.24    -0.00900    250.764    4285
4      9    373.13    -0.00900    276.865    4285
4     10    458.11    -0.00698    191.894    4285
4     11    426.82    -0.00800    223.180    4285
4     12    402.49    -0.00847    247.511    4285
4     13    486.90    -0.00603    163.096    4285
4     14    458.63    -0.00580    191.373    4285
4     15    391.11    -0.00777    258.893    4285
4     16    401.61    -0.00740    248.390    4285
4     17    548.15    -0.00467    101.852    4285
4     18    413.17    -0.00737    236.829    4285
4     19    445.33    -0.00582    204.673    4285
4     20    578.92    -0.00396     71.081    4285
4     21    605.54    -0.00344     44.461    4285
4     22    584.03    -0.00374     65.972    4285
4     23    501.49    -0.00512    148.514    4285
4     24    518.17    -0.00490    131.831    4285
4     25    518.48    -0.00495    131.529    4285
4     26    509.37    -0.00474    140.633    4285
4     27    529.50    -0.00454    120.501    4285
4     28    508.63    -0.00482    141.370    4285
4     29    519.13    -0.00487    130.864    4285
4     30    474.93    -0.00585    175.065    4285
4     31    526.38    -0.00486    123.619    4285
4     32    537.91    -0.00466    112.090    4285
4     33    545.18    -0.00428    104.824    4285
4     34    551.30    -0.00452     98.699    4285
4     35    561.70    -0.00424     88.296    4285
4     36    518.59    -0.00479    131.408    4285
4     37    536.93    -0.00529    113.068    4285
4     38    492.41    -0.00550    157.589    4285
4     39    502.26    -0.00571    147.736    4285
4     40    521.76    -0.00518    128.241    4285
4     41    492.52    -0.00538    157.479    4285
4     42    535.08    -0.00426    114.922    4285
4     43    490.35    -0.00504    159.651    4285
4     44    532.28    -0.00461    117.723    4285
4     45    507.15    -0.00532    142.846    4285
4     46    529.92    -0.00446    120.079    4285
4     47    499.07    -0.00522    150.928    4285
4     48    514.22    -0.00484    135.784    4285
4     49    534.45    -0.00473    115.555    4285
4     50    539.27    -0.00416    110.728    4285
4     51    524.78    -0.00499    125.216    4285
4     52    545.95    -0.00465    104.048    4285
4     53    545.56    -0.00452    104.444    4285
4     54    524.74    -0.00478    125.267    4285
4     55    521.30    -0.00475    128.694    4285
4     56    540.57    -0.00474    109.425    4285
4     57    533.74    -0.00439    116.256    4285
4     58    525.12    -0.00486    124.879    4285
4     59    529.47    -0.00475    120.531    4285
4     60    531.07    -0.00454    118.930    4285
4     61    529.29    -0.00494    120.713    4285
4     62    523.33    -0.00424    126.667    4285
4      1    650.00     0.00000      0.000    4285
4      2    650.00     0.00000      0.000    4285
4      3    650.00    -0.00900      0.000    4285
4      4    650.00    -0.00900      0.001    4285
4      5    650.00    -0.00750      0.001    4285
4      6    650.00    -0.00600      0.000    4285
4      7    420.02    -0.00884    229.978    4285
4      8    399.94    -0.00900    250.057    4285
4      9    360.99    -0.00900    289.008    4285
4     10    363.06    -0.00865    286.940    4285
4     11    387.49    -0.00900    262.505    4285
4     12    396.28    -0.00826    253.724    4285
4     13    383.91    -0.00878    266.089    4285
4     14    421.04    -0.00628    228.959    4285
4     15    435.35    -0.00645    214.647    4285
4     16    475.35    -0.00608    174.650    4285
4     17    433.03    -0.00763    216.974    4285
4     18    650.00    -0.00393      0.000    4285
4     19    452.06    -0.00674    197.941    4285
4     20    462.22    -0.00662    187.782    4285
4     21    533.23    -0.00503    116.767    4285
4     22    513.64    -0.00579    136.356    4285
4     23    507.19    -0.00549    142.810    4285
4     24    612.02    -0.00415     37.983    4285
4     25    542.59    -0.00505    107.413    4285
4     26    581.14    -0.00443     68.866    4285
4     27    475.26    -0.00568    174.745    4285
4     28    506.47    -0.00536    143.534    4285
4     29    482.78    -0.00589    167.225    4285
4     30    551.67    -0.00475     98.335    4285
4     31    503.79    -0.00521    146.212    4285
4     32    508.02    -0.00489    141.984    4285
4     33    542.18    -0.00482    107.816    4285
4     34    558.78    -0.00438     91.218    4285
4     35    513.34    -0.00493    136.665    4285
4     36    557.27    -0.00432     92.731    4285
4     37    516.62    -0.00544    133.379    4285
4     38    513.06    -0.00518    136.936    4285
4     39    508.79    -0.00545    141.205    4285
4     40    513.76    -0.00522    136.239    4285
4     41    527.40    -0.00521    122.595    4285
4     42    513.34    -0.00489    136.662    4285
4     43    529.79    -0.00473    120.216    4285
4     44    533.43    -0.00460    116.567    4285
4     45    509.26    -0.00530    140.739    4285
4     46    520.02    -0.00464    129.979    4285
4     47    486.02    -0.00568    163.983    4285
4     48    536.77    -0.00447    113.228    4285
4     49    504.21    -0.00568    145.784    4285
4     50    495.51    -0.00523    154.488    4285
4     51    506.01    -0.00538    143.985    4285
4     52    469.93    -0.00592    180.065    4285
4     53    514.92    -0.00537    135.077    4285
4     54    515.78    -0.00487    134.217    4285
4     55    532.29    -0.00473    117.705    4285
4     56    493.01    -0.00539    156.993    4285
4     57    549.52    -0.00476    100.482    4285
4     58    525.55    -0.00496    124.452    4285
4     59    510.54    -0.00529    139.461    4285
4     60    533.65    -0.00494    116.350    4285
4     61    483.95    -0.00556    166.053    4285
4     62    441.64    -0.00531    208.363    4285
