# The format is:
# Module, strip number, A, B, C, Run Number
# where the fit is y = A*exp(B*x) + C
# All u strips (1-68), then all v strips (69-130), then all w strips (131-192).
1     68    140.26    -0.00459     70.947    4103
1     67    162.83    -0.00470     55.012    4103
1     66    155.47    -0.00469     54.482    4103
1     65    161.93    -0.00435     47.590    4103
1     64    139.31    -0.00473     64.769    4103
1     63    136.56    -0.00567     69.461    4103
1     62    133.45    -0.00678     82.934    4103
1     61    126.68    -0.00736     84.537    4103
1     60    134.68    -0.00745     79.930    4103
1     59    131.66    -0.00815     83.862    4103
1     58    133.57    -0.00918     85.204    4103
1     57    138.57    -0.00843     81.285    4103
1     56    136.99    -0.01047     85.723    4103
1     55    137.81    -0.00891     78.431    4103
1     54    132.86    -0.00895     83.189    4103
1     53    137.51    -0.00847     83.177    4103
1     52    127.43    -0.00834     77.778    4103
1     51    146.26    -0.00673     67.231    4103
1     50    134.58    -0.00682     70.602    4103
1     49    152.61    -0.00539     46.365    4103
1     48    140.61    -0.00469     24.404    4103
1     47    168.29    -0.00499     37.612    4103
1     46    184.88    -0.00440     15.552    4103
1     45    198.31    -0.00403      9.058    4103
1     44    186.48    -0.00485     34.709    4103
1     43    175.25    -0.00506     36.349    4103
1     42    153.22    -0.00586     55.097    4103
1     41    153.68    -0.00570     49.290    4103
1     40    146.60    -0.00633     57.077    4103
1     39    166.73    -0.00507     38.344    4103
1     38    211.14    -0.00386      0.000    4103
1     37    204.82    -0.00377      0.000    4103
1     36    198.81    -0.00366      0.000    4103
1     35    206.94    -0.00345      0.000    4103
1     34    207.57    -0.00376      0.000    4103
1     33    185.26    -0.00411     19.161    4103
1     32    200.58    -0.00391      0.000    4103
1     31    191.85    -0.00451     16.172    4103
1     30    202.32    -0.00381      0.000    4103
1     29    209.03    -0.00371      0.000    4103
1     28    194.58    -0.00393      6.182    4103
1     27    155.56    -0.00624     60.107    4103
1     26    215.84    -0.00418      0.000    4103
1     25    214.58    -0.00402      0.000    4103
1     24    215.16    -0.00426      0.000    4103
1     23    209.19    -0.00413      0.000    4103
1     22    214.32    -0.00387      0.000    4103
1     21    201.69    -0.00389      0.000    4103
1     20    210.50    -0.00367      0.000    4103
1     19    220.69    -0.00393      0.000    4103
1     18    218.64    -0.00346      0.000    4103
1     17    210.26    -0.00357      0.000    4103
1     16    212.77    -0.00446      0.000    4103
1     15    210.85    -0.00380      0.000    4103
1     14    222.95    -0.00474      0.000    4103
1     13    216.30    -0.00427      0.000    4103
1     12    223.09    -0.00473      0.000    4103
1     11    229.15    -0.00505      0.000    4103
1     10    217.76    -0.00565      0.000    4103
1      9    222.28    -0.00483      0.001    4103
1      8    209.82    -0.00509      0.233    4103
1      7    239.73    -0.00873      0.000    4103
1      6    249.72    -0.00982      0.000    4103
1      5    251.08    -0.01221      8.341    4103
1      4    267.48    -0.01124      0.000    4103
1      3    277.57    -0.05202      0.000    4103
1      2    180.75     0.00000      0.000    4103
1      1    146.08     0.00000      0.000    4103
1     62    166.49    -0.00608     67.266    4103
1     61    150.17    -0.00492     42.139    4103
1     60    124.89    -0.00431     54.639    4103
1     59    129.97    -0.00460     52.102    4103
1     58    132.72    -0.00487     52.711    4103
1     57    122.30    -0.00522     61.590    4103
1     56    128.55    -0.00471     53.745    4103
1     55    144.86    -0.00482     52.430    4103
1     54    143.15    -0.00396     43.025    4103
1     53    152.84    -0.00422     39.541    4103
1     52    148.58    -0.00340     31.796    4103
1     51    141.52    -0.00413     46.740    4103
1     50    133.82    -0.00382     47.854    4103
1     49    146.53    -0.00387     45.188    4103
1     48    139.81    -0.00441     49.178    4103
1     47    144.13    -0.00482     45.401    4103
1     46    141.08    -0.00428     52.267    4103
1     45    150.37    -0.00450     48.483    4103
1     44    162.09    -0.00307     26.020    4103
1     43    151.44    -0.00381     39.801    4103
1     42    182.38    -0.00234      0.000    4103
1     41     97.72    -0.00529     93.186    4103
1     40    187.47    -0.00235      0.000    4103
1     39    159.72    -0.00372     34.430    4103
1     38    190.44    -0.00271      4.095    4103
1     37    151.75    -0.00386     37.327    4103
1     36    188.64    -0.00222      0.000    4103
1     35    185.98    -0.00261      0.000    4103
1     34    187.33    -0.00247      0.000    4103
1     33    194.05    -0.00254      0.000    4103
1     32    193.43    -0.00236      0.000    4103
1     31    189.87    -0.00235      0.000    4103
1     30    191.20    -0.00236      0.000    4103
1     29    197.59    -0.00256      0.000    4103
1     28    203.58    -0.00222      0.000    4103
1     27    197.99    -0.00271      0.000    4103
1     26    191.50    -0.00208      0.000    4103
1     25    203.14    -0.00261      0.000    4103
1     24    211.34    -0.00262      0.000    4103
1     23    196.67    -0.00258      0.000    4103
1     22    206.34    -0.00279      0.000    4103
1     21    201.16    -0.00290      0.000    4103
1     20    200.44    -0.00271      0.000    4103
1     19    204.93    -0.00283      0.000    4103
1     18    189.43    -0.00216      0.000    4103
1     17    195.47    -0.00271      0.000    4103
1     16    166.95    -0.00317     27.706    4103
1     15    112.14    -0.00808     96.855    4103
1     14    181.00    -0.00285      0.000    4103
1     13      0.00     0.00000      0.000    4103
1     12     52.71    -0.01099    123.399    4103
1     11    164.28    -0.00452     41.057    4103
1     10     62.15    -0.01372    143.337    4103
1      9     64.63    -0.02797    157.441    4103
1      8     66.45    -0.02064    148.486    4103
1      7    197.82    -0.00550     14.823    4103
1      6    227.62    -0.00689      0.000    4103
1      5    241.27    -0.01051      0.000    4103
1      4    262.85    -0.01595      0.000    4103
1      3    291.70    -0.02613      0.000    4103
1      2    207.50     0.00000      0.000    4103
1      1    140.96     0.00000      0.000    4103
1     62    231.57    -0.00798     88.396    4103
1     61    164.51    -0.00399     36.276    4103
1     60    202.26    -0.00351     37.889    4103
1     59    177.29    -0.00392     37.949    4103
1     58    181.81    -0.00348     32.792    4103
1     57    173.14    -0.00401     43.295    4103
1     56    248.19    -0.00213      0.000    4103
1     55    166.21    -0.00423     39.776    4103
1     54    172.02    -0.00360     31.145    4103
1     53    183.29    -0.00325     22.390    4103
1     52    109.20    -0.00276     10.336    4103
1     51    161.26    -0.00398     32.521    4103
1     50    167.41    -0.00399     33.814    4103
1     49    169.27    -0.00405     34.365    4103
1     48    155.79    -0.00482     44.305    4103
1     47    164.87    -0.00343     28.254    4103
1     46    167.84    -0.00302     27.359    4103
1     45    156.00    -0.00385     40.961    4103
1     44    163.57    -0.00312     24.874    4103
1     43    157.70    -0.00373     35.791    4103
1     42    160.35    -0.00388     36.926    4103
1     41    161.75    -0.00414     34.649    4103
1     40    158.81    -0.00367     31.003    4103
1     39    154.39    -0.00407     34.692    4103
1     38    135.38    -0.00409     59.203    4103
1     37    136.86    -0.00442     61.038    4103
1     36    148.01    -0.00369     36.615    4103
1     35    137.21    -0.00373     42.678    4103
1     34    137.14    -0.00456     56.741    4103
1     33    151.12    -0.00351     28.757    4103
1     32    119.54    -0.00363     46.832    4103
1     31    187.18    -0.00269      0.000    4103
1     30    173.16    -0.00231      0.000    4103
1     29    189.64    -0.00276      0.000    4103
1     28    191.33    -0.00235      0.000    4103
1     27    183.87    -0.00263      0.000    4103
1     26    190.55    -0.00315     16.671    4103
1     25    207.87    -0.00316      0.000    4103
1     24    199.77    -0.00292      0.000    4103
1     23    210.34    -0.00307      0.000    4103
1     22    222.86    -0.00295      0.000    4103
1     21    208.19    -0.00334      0.000    4103
1     20    207.39    -0.00343      0.000    4103
1     19    207.82    -0.00333      0.000    4103
1     18    203.72    -0.00308      0.000    4103
1     17    193.92    -0.00314      0.000    4103
1     16    134.17    -0.00637     74.262    4103
1     15    131.99    -0.00671     79.691    4103
1     14    208.43    -0.00336      0.000    4103
1     13    127.62    -0.00769     87.296    4103
1     12    126.83    -0.00913     92.700    4103
1     11    114.11    -0.01466    117.188    4103
1     10    214.04    -0.00366      0.000    4103
1      9    130.86    -0.05172    148.866    4103
1      8     74.67    -0.01674    138.981    4103
1      7    209.58    -0.00398      0.001    4103
1      6    652.67    -0.09000    165.814    4103
1      5    229.60    -0.00800      0.001    4103
1      4    244.85    -0.01349      0.000    4103
1      3    262.27    -0.01824      0.000    4103
1      2    156.10     0.00000      0.000    4103
1      1     85.04     0.00000      0.000    4103
